place(9.087, 1.000, 3.170, "Soldier", 678)
place(9.055, 1.000, -0.184, "Soldier", 559)
place(9.132, 1.000, 6.412, "Soldier", 659)
task.wait(1)
upgrade(9.055, 2.350, -0.184, 284)
upgrade(9.087, 2.350, 3.170, 673)
upgrade(9.132, 2.350, 6.412, 572)
upgrade(9.055, 2.350, -0.184, 1099)
upgrade(9.087, 2.350, 3.170, 1456)
upgrade(9.132, 2.350, 6.412, 854)
place(9.315, 1.000, -3.358, "Soldier", 564)
task.wait(1)
upgrade(9.315, 2.350, -3.358, 1051)
upgrade(9.315, 2.350, -3.358, 801)
place(12.431, 1.000, -3.333, "Soldier", 761)
task.wait(1)
upgrade(12.431, 2.350, -3.333, 1340)
upgrade(12.431, 2.350, -3.333, 1091)
place(12.338, 1.000, -0.100, "Soldier", 791)
task.wait(1)
upgrade(12.338, 2.350, -0.100, 337)
upgrade(12.338, 2.350, -0.100, 1275)
place(12.376, 1.000, 3.285, "Soldier", 596)
task.wait(1)
upgrade(12.376, 2.350, 3.285, 336)
upgrade(12.376, 2.350, 3.285, 806)
place(12.353, 1.000, 6.531, "Soldier", 1724)
task.wait(1)
upgrade(12.353, 2.350, 6.531, 1224)
upgrade(12.353, 2.350, 6.531, 1094)
place(14.718, 1.000, 11.030, "Electroshocker", 894)
task.wait(1)
upgrade(14.718, 2.350, 11.030, 527)
upgrade(14.718, 2.350, 11.030, 769)
place(14.384, 1.000, 14.051, "Electroshocker", 1997)
task.wait(1)
upgrade(14.384, 2.350, 14.051, 1633)
upgrade(14.384, 2.350, 14.051, 1653)
place(15.484, 1.000, 6.203, "Soldier", 1262)
task.wait(1)
upgrade(15.484, 2.350, 6.203, 762)
upgrade(15.484, 2.350, 6.203, 951)
place(15.666, 1.000, 2.909, "Soldier", 1833)
task.wait(1)
upgrade(15.666, 2.350, 2.909, 1378)
upgrade(15.666, 2.350, 2.909, 1358)
place(15.737, 1.000, -0.448, "Soldier", 1658)
task.wait(1)
upgrade(15.737, 2.350, -0.448, 1433)
upgrade(15.737, 2.350, -0.448, 1483)
place(15.615, 1.000, -3.666, "Soldier", 683)
task.wait(1)
upgrade(15.615, 2.350, -3.666, 1713)
upgrade(15.615, 2.350, -3.666, 1864)
upgrade(14.718, 2.350, 11.030, 2564)
upgrade(14.384, 2.350, 14.051, 2763)
place(22.555, 1.000, -11.953, "Military Base", 4826)
task.wait(1)
upgrade(22.555, 1.863, -11.953, 4426)
upgrade(22.555, 1.863, -11.953, 5026)
upgrade(22.555, 1.863, -11.953, 4926)
place(22.576, 1.000, -6.968, "Military Base", 3776)
task.wait(1)
upgrade(22.576, 1.863, -6.968, 3976)
upgrade(22.576, 1.863, -6.968, 5422)
upgrade(22.576, 1.863, -6.968, 5531)
place(22.977, 1.000, -2.027, "Military Base", 3781)
task.wait(1)
upgrade(22.977, 1.863, -2.027, 3925)
upgrade(22.977, 1.863, -2.027, 3823)
upgrade(22.977, 1.863, -2.027, 3881)
upgrade(9.132, 2.350, 6.412, 5900)
upgrade(9.087, 2.350, 3.170, 5928)
upgrade(9.055, 2.350, -0.184, 6528)
upgrade(9.315, 2.350, -3.358, 6649)
upgrade(12.353, 2.350, 6.531, 6938)
upgrade(12.376, 2.350, 3.285, 6141)
place(22.298, 1.000, 3.442, "Military Base", 1920)
task.wait(1)
upgrade(22.298, 1.863, 3.442, 2699)
upgrade(22.298, 1.863, 3.442, 2836)
upgrade(22.298, 1.863, 3.442, 2436)
place(3.201, 1.000, 2.559, "Engineer", 6236)
task.wait(1)
upgrade(3.201, 2.353, 2.559, 5636)
upgrade(3.201, 2.353, 2.559, 7142)
upgrade(3.201, 2.353, 2.559, 7152)
upgrade(3.201, 2.353, 2.559, 4902)
upgrade(3.201, 2.353, 2.559, 14700)
place(3.169, 1.000, -0.665, "Engineer", 3729)
task.wait(1)
upgrade(3.169, 2.353, -0.665, 3129)
upgrade(3.169, 2.353, -0.665, 2779)
upgrade(3.169, 2.353, -0.665, 3029)
upgrade(3.169, 2.353, -0.665, 5899)
upgrade(3.169, 2.353, -0.665, 14183)
place(3.034, 1.000, -3.707, "Engineer", 6139)
task.wait(1)
upgrade(3.034, 2.353, -3.707, 5539)
upgrade(3.034, 2.353, -3.707, 5189)
upgrade(3.034, 2.353, -3.707, 4639)
upgrade(3.034, 2.353, -3.707, 7139)
upgrade(3.034, 2.353, -3.707, 16626)
place(2.921, 1.000, -6.883, "Engineer", 16385)
task.wait(1)
upgrade(2.921, 2.353, -6.883, 15785)
upgrade(2.921, 2.353, -6.883, 15435)
upgrade(2.921, 2.353, -6.883, 17135)
upgrade(2.921, 2.353, -6.883, 14885)
upgrade(2.921, 2.353, -6.883, 17868)
upgrade(22.555, 1.863, -11.953, 15591)
upgrade(22.576, 1.863, -6.968, 12618)
upgrade(22.977, 1.863, -2.027, 9868)
upgrade(22.298, 1.863, 3.442, 9501)
upgrade(3.201, 2.353, 2.559, 37423)
place(13.108, 1.000, -7.063, "Electroshocker", 5173)
task.wait(1)
upgrade(13.108, 2.350, -7.063, 7198)
upgrade(13.108, 2.350, -7.063, 9643)
upgrade(13.108, 2.350, -7.063, 11297)
place(13.229, 1.000, -10.102, "Electroshocker", 11548)
task.wait(1)
upgrade(13.229, 2.350, -10.102, 10823)
upgrade(13.229, 2.350, -10.102, 13082)
upgrade(13.229, 2.350, -10.102, 13249)
upgrade(13.229, 2.350, -10.102, 11249)
upgrade(13.108, 2.350, -7.063, 6249)
upgrade(3.169, 2.353, -0.665, 37387)
upgrade(3.034, 2.353, -3.707, 36730)
upgrade(2.921, 2.353, -6.883, 37403)
upgrade(13.229, 2.350, -10.102, 18653)
upgrade(13.108, 2.350, -7.063, 19701)
upgrade(14.718, 2.350, 11.030, 18751)
upgrade(14.384, 2.350, 14.051, 17571)
place(0.368, 1.000, 0.532, "Engineer", 13717)
task.wait(1)
upgrade(0.368, 2.353, 0.532, 13117)
upgrade(0.368, 2.353, 0.532, 15017)
upgrade(0.368, 2.353, 0.532, 20167)
upgrade(0.368, 2.353, 0.532, 19117)
upgrade(0.368, 2.353, 0.532, 22348)
upgrade(0.368, 2.353, 0.532, 38758)
place(0.052, 1.000, -2.699, "Engineer", 4941)
task.wait(1)
upgrade(0.052, 2.353, -2.699, 6141)
upgrade(0.052, 2.353, -2.699, 12591)
upgrade(0.052, 2.353, -2.699, 13241)
upgrade(0.052, 2.353, -2.699, 18391)
upgrade(0.052, 2.353, -2.699, 16041)
upgrade(0.052, 2.353, -2.699, 38042)
place(-0.144, 1.000, -5.912, "Engineer", 21231)
task.wait(1)
upgrade(22.555, 1.863, -11.953, 27242)
upgrade(22.576, 1.863, -6.968, 30094)
upgrade(22.977, 1.863, -2.027, 26744)
upgrade(22.298, 1.863, 3.442, 29794)
place(-2.630, 1.000, -0.097, "Accelerator", 4794)
task.wait(1)
upgrade(-2.630, 2.350, -0.097, 7794)
upgrade(-2.630, 2.350, -0.097, 6794)
upgrade(-2.630, 2.350, -0.097, 11794)
upgrade(-2.630, 2.350, -0.097, 14544)
upgrade(-2.630, 2.350, -0.097, 39150)
place(-2.071, 1.000, -5.142, "Accelerator", 9641)
task.wait(1)
upgrade(-2.071, 2.350, -5.142, 10400)
upgrade(-2.071, 2.350, -5.142, 15845)
upgrade(-2.071, 2.350, -5.142, 19143)
upgrade(-2.071, 2.350, -5.142, 36650)
upgrade(-2.071, 2.350, -5.142, 36900)
place(-1.777, 1.000, -8.408, "Accelerator", 11344)
task.wait(1)
upgrade(-1.777, 2.350, -8.408, 8177)
upgrade(-1.777, 2.350, -8.408, 7177)
upgrade(-1.777, 2.350, -8.408, 9677)
upgrade(-1.777, 2.350, -8.408, 11427)
upgrade(-1.777, 2.350, -8.408, 37834)
place(-8.485, 1.000, 2.245, "Accelerator", 0)
task.wait(1)
upgrade(-8.485, 2.350, 2.245, 0)
upgrade(-8.485, 2.350, 2.245, 0)
upgrade(-8.485, 2.350, 2.245, 0)
upgrade(-8.485, 2.350, 2.245, 0)
upgrade(-8.485, 2.350, 2.245, 0)
place(-8.692, 1.000, -0.959, "Accelerator", 0)
task.wait(1)
upgrade(-8.692, 2.350, -0.959, 0)
upgrade(-8.692, 2.350, -0.959, 0)
upgrade(-8.692, 2.350, -0.959, 0)
upgrade(-8.692, 2.350, -0.959, 0)
upgrade(-8.692, 2.350, -0.959, 0)
place(-8.630, 1.000, -3.982, "Accelerator", 0)
task.wait(1)
upgrade(-8.630, 2.350, -3.982, 0)
upgrade(-8.630, 2.350, -3.982, 0)
upgrade(-8.630, 2.350, -3.982, 0)
upgrade(-8.630, 2.350, -3.982, 0)
upgrade(-8.630, 2.350, -3.982, 0)
place(-8.262, 1.000, 5.392, "Accelerator", 0)
task.wait(1)
upgrade(-8.262, 2.350, 5.392, 0)
upgrade(-8.262, 2.350, 5.392, 0)
upgrade(-8.262, 2.350, 5.392, 0)
upgrade(-8.262, 2.350, 5.392, 0)
upgrade(-8.262, 2.350, 5.392, 0)
