place(3.044, 1.000, 3.717, "Electroshocker", 1250)
task.wait(1)
upgrade(3.044, 2.350, 3.717, 567)
place(8.583, 1.000, 12.248, "Scout", 577)
task.wait(1)
upgrade(8.583, 2.350, 12.248, 228)
upgrade(8.583, 2.350, 12.248, 4)
upgrade(8.583, 2.350, 12.248, 1143)
place(8.019, 1.000, 9.128, "Scout", 437)
task.wait(1)
upgrade(8.019, 2.350, 9.128, 652)
upgrade(8.019, 2.350, 9.128, 1213)
upgrade(3.044, 2.350, 3.717, 1237)
place(11.261, 1.000, 9.008, "Scout", 497)
task.wait(1)
upgrade(11.261, 2.350, 9.008, 246)
upgrade(11.261, 2.350, 9.008, 807)
place(12.796, 1.000, 11.719, "Scout", 963)
task.wait(1)
upgrade(12.796, 2.350, 11.719, 674)
upgrade(12.796, 2.350, 11.719, 1349)
upgrade(8.019, 2.350, 9.128, 3866)
upgrade(11.261, 2.350, 9.008, 3782)
upgrade(8.019, 2.350, 9.128, 9108)
upgrade(3.044, 2.350, 3.717, 3687)
upgrade(11.261, 2.350, 9.008, 9235)
upgrade(8.583, 2.350, 12.248, 6575)
upgrade(8.583, 2.350, 12.248, 8298)
upgrade(12.796, 2.350, 11.719, 4242)
upgrade(12.796, 2.350, 11.719, 8711)
place(8.744, 1.000, 5.947, "Scout", 1061)
task.wait(1)
upgrade(8.744, 2.350, 5.947, 686)
upgrade(8.744, 2.350, 5.947, 461)
upgrade(8.744, 2.350, 5.947, 2061)
upgrade(8.744, 2.350, 5.947, 3636)
upgrade(8.744, 2.350, 5.947, 8704)
upgrade(3.044, 2.350, 3.717, 9364)
place(5.442, 1.000, 6.448, "Freezer", 5414)
task.wait(1)
upgrade(5.442, 2.350, 6.448, 4777)
upgrade(5.442, 2.350, 6.448, 4443)
upgrade(5.442, 2.350, 6.448, 3470)
upgrade(5.442, 2.350, 6.448, 525)
upgrade(5.442, 2.350, 6.448, 515)
